ADMIRATION	AGRE	ANXIETY	AVOIDANCE	CONS	EXTR	NARCISSISM	NEUR	OPEN	RIVALRY	twitter_uid
0.0	4.25	1.5	2.722	4.0	3.0	0.667	1.0	5.0	1.333	720946756683345920
2.667	3.25	4.222	4.167	3.25	3.5	3.0	2.25	4.0	3.333	254860038
0.0	2.5	2.111	4.611	4.0	2.0	0.333	2.5	3.5	0.667	373121684
0.0	4.75	1.833	2.167	4.25	3.5	0.0	1.25	4.0	0.0	24844232
0.0	4.75	5.611	5.611	2.5	1.0	0.667	4.75	3.5	1.333	620019338
3.0	4.75	1.111	1.722	4.5	4.75	2.333	1.0	5.0	1.667	2922006952
3.0	5.0	1.778	1.722	4.75	4.5	1.833	1.0	5.0	0.667	818846536067117056
0.667	4.25	1.333	4.944	4.5	4.75	0.333	1.75	3.75	0.0	1034132506596048896
0.667	4.0	4.056	5.222	2.0	1.5	1.0	4.25	4.0	1.333	1634500537
2.667	4.5	1.944	2.667	4.0	3.75	2.833	1.5	4.0	3.0	336213824
2.0	2.5	3.667	5.667	4.0	2.0	2.5	2.5	3.25	3.0	11437072
2.333	4.5	3.056	3.944	3.0	2.0	2.167	2.5	3.0	2.0	50496661
3.667	2.0	1.833	4.778	3.75	2.25	4.167	4.75	4.0	4.667	88884274
4.0	4.25	2.389	3.0	4.5	3.0	4.167	1.75	5.0	4.333	2851762622
0.0	4.5	2.167	2.722	3.25	1.25	0.0	2.5	4.0	0.0	1367875536
3.0	2.5	2.556	4.889	3.25	2.25	3.5	2.75	3.75	4.0	4568964197
3.0	1.75	3.778	5.333	4.75	2.0	3.333	4.0	2.0	3.667	23174827
1.333	5.0	3.111	3.611	2.5	3.5	1.5	1.75	3.5	1.667	1523522078
3.0	4.0	2.0	3.056	5.0	2.0	2.5	1.75	4.0	2.0	27380879
1.333	2.25	2.889	5.611	3.0	1.25	2.0	4.0	2.0	2.667	16511183
1.0	3.5	2.667	2.667	3.0	3.25	1.333	3.75	5.0	1.667	27957790
3.667	3.5	4.833	4.889	4.0	2.0	2.833	3.0	3.0	2.0	85207150
0.0	5.0	1.0	1.0	5.0	3.0	0.0	1.0	5.0	0.0	1027619316936724482
3.0	4.25	3.667	2.667	4.25	4.0	2.667	2.25	4.0	2.333	26334121
3.0	4.5	2.278	3.111	3.5	1.0	2.5	2.75	4.75	2.0	1005610523654787072
0.0	3.25	1.556	4.556	2.0	1.0	0.0	2.75	2.5	0.0	21512869
0.667	4.5	1.0	2.889	2.0	4.5	1.5	1.25	5.0	2.333	5571722
2.0	4.25	1.389	1.667	4.0	2.0	1.0	1.75	5.0	0.0	528605639
3.333	2.75	4.278	4.389	3.5	1.75	3.0	3.0	3.0	2.667	542165736
3.667	3.5	3.0	4.778	5.0	3.25	3.833	2.0	4.25	4.0	117226657
1.667	4.75	4.333	4.278	1.75	4.0	1.5	2.75	4.75	1.333	265831852
2.0	4.0	2.5	2.167	3.5	3.75	2.0	2.0	4.0	2.0	4091239701
2.0	3.75	2.944	5.056	2.5	1.5	2.0	2.75	3.75	2.0	26854009
1.0	4.25	4.444	4.944	2.75	2.0	0.5	2.25	4.75	0.0	425946507
0.667	2.25	4.389	3.889	2.5	2.25	1.667	3.0	3.5	2.667	5754082
0.0	5.0	1.556	2.278	3.25	3.25	0.0	1.0	4.5	0.0	241835139
0.0	4.5	1.167	2.222	4.5	2.25	0.0	1.5	5.0	0.0	232833638
1.333	4.25	3.722	4.444	4.0	2.0	1.833	2.75	3.5	2.333	164640266
0.0	4.0	1.333	3.556	4.75	1.75	0.333	2.0	3.0	0.667	2372361066
0.0	3.25	1.056	1.889	5.0	4.5	0.0	1.0	5.0	0.0	955841032733757440
1.333	4.75	1.056	2.167	4.5	2.25	1.0	1.0	5.0	0.667	7416992
3.333	3.75	2.222	4.278	4.75	2.25	2.667	2.5	5.0	2.0	28325727
0.0	5.0	1.0	5.056	2.0	4.0	0.0	2.0	4.75	0.0	938167910886862848
1.0	4.25	1.222	2.833	4.0	4.0	1.333	2.75	4.0	1.667	999476217219870720
2.333	4.25	2.111	4.444	3.25	3.5	1.833	1.5	4.25	1.333	16612750
2.667	4.75	1.667	2.111	3.5	3.75	1.333	1.25	5.0	0.0	2364506946
3.667	4.75	1.278	1.778	4.0	2.0	2.833	1.0	3.5	2.0	1496874074
0.0	4.5	1.333	3.278	5.0	4.0	0.0	1.5	5.0	0.0	37143439
0.0	2.75	2.944	6.222	5.0	1.5	1.333	2.25	4.5	2.667	1586144347
1.667	4.0	4.667	5.556	2.5	1.75	2.0	4.25	4.0	2.333	43978863
0.0	4.25	1.111	1.833	4.5	4.0	0.333	1.75	4.25	0.667	869123348
3.667	4.25	4.111	3.944	4.75	1.0	3.167	3.75	5.0	2.667	45760437
3.333	4.5	2.0	2.278	3.75	4.0	3.0	1.25	4.75	2.667	514161428
4.333	4.0	3.111	2.278	4.5	3.75	4.0	2.25	4.0	3.667	842130982429970432
3.333	4.0	3.5	4.667	4.0	2.25	3.333	2.5	4.0	3.333	53456285
1.667	2.25	2.222	3.556	4.75	2.25	0.833	1.5	3.75	0.0	353996352
4.0	4.5	6.333	3.167	1.75	2.25	4.0	5.0	4.0	4.0	1097302746
1.333	2.5	2.833	3.778	3.0	3.75	1.333	2.75	4.5	1.333	852075444
4.0	3.25	2.222	3.778	4.75	2.0	2.667	1.5	4.5	1.333	2768305574
0.0	3.5	2.222	4.5	3.5	2.0	0.5	2.0	4.25	1.0	4906973137
3.333	2.75	4.0	3.722	3.75	2.5	3.0	2.75	3.25	2.667	323902553
3.333	3.0	4.167	4.611	2.75	3.25	4.0	3.0	2.5	4.667	19939448
0.0	3.5	3.889	5.333	2.25	1.75	0.0	3.0	4.75	0.0	1125756407612047361
0.0	4.5	2.944	3.0	3.25	2.75	0.833	2.0	4.5	1.667	266063339
2.0	4.0	5.056	4.278	4.0	2.5	2.5	3.25	3.5	3.0	333732544
3.333	2.75	2.889	3.944	3.75	2.5	3.167	2.0	4.25	3.0	626980155
1.333	5.0	1.0	1.222	4.75	4.5	1.5	1.25	4.75	1.667	3423471905
3.333	3.75	3.0	4.778	4.75	4.5	3.333	2.25	3.75	3.333	22043216
3.333	3.5	1.778	4.389	4.75	1.75	2.667	1.75	3.75	2.0	384470260
0.0	3.5	2.444	5.111	2.5	1.0	1.0	3.25	5.0	2.0	17841181
0.667	4.75	1.389	1.778	4.25	3.75	1.333	1.5	4.5	2.0	47715774
1.667	3.0	3.167	4.556	3.5	1.5	2.167	2.0	3.25	2.667	36048393
0.0	3.0	3.167	4.611	4.25	2.25	0.0	2.0	5.0	0.0	2859899237
0.0	4.5	5.444	5.111	1.75	1.0	0.0	3.25	4.25	0.0	104081761
4.0	2.75	4.222	4.444	3.25	3.5	4.0	2.5	3.0	4.0	704497851561287680
2.0	3.75	2.556	3.333	3.75	3.0	1.667	2.0	4.5	1.333	197873985
0.0	3.25	1.444	3.889	4.25	3.25	0.333	1.25	3.25	0.667	4666852345
0.0	3.0	5.222	5.889	4.25	1.0	0.333	4.0	4.5	0.667	908062224983511040
0.0	4.25	1.333	3.278	4.75	2.0	0.0	1.5	4.75	0.0	830155646087467008
3.0	4.75	1.222	1.333	4.25	4.25	2.0	1.0	4.0	1.0	76256868
0.0	3.75	1.778	5.0	4.75	1.0	0.0	2.5	4.5	0.0	93719000
0.0	4.75	1.0	2.444	5.0	2.0	0.0	1.0	3.0	0.0	22555372
2.0	3.5	3.944	3.444	2.5	2.5	1.0	3.25	4.0	0.0	383222663
3.667	4.75	1.278	2.0	4.5	2.5	2.333	1.0	5.0	1.0	2207638830
2.333	3.75	3.722	3.667	3.25	1.5	1.5	3.0	4.25	0.667	254063688
0.0	5.0	4.778	5.278	4.0	1.0	0.0	2.75	4.75	0.0	46130085
0.667	2.25	2.278	5.5	4.5	1.5	0.833	1.5	4.0	1.0	623974346
3.333	2.75	4.389	3.889	3.5	2.5	3.333	3.5	4.25	3.333	84358961
3.333	2.5	2.111	5.111	5.0	1.75	2.333	1.0	4.5	1.333	3221570341
0.0	5.0	3.333	1.556	2.25	2.25	0.0	1.5	5.0	0.0	16597191
3.0	5.0	6.556	1.944	3.25	3.0	2.5	4.5	5.0	2.0	53786257
2.667	2.75	4.0	5.944	4.25	1.25	2.833	2.5	4.5	3.0	177893290
2.333	2.75	6.833	4.389	4.5	3.5	1.167	3.0	2.5	0.0	366256326
1.333	4.75	6.389	3.667	2.75	1.0	1.333	3.75	5.0	1.333	341264760
3.333	5.0	6.0	5.167	4.25	2.5	3.167	4.25	5.0	3.0	1079960349204463616
4.0	4.75	1.667	4.556	2.75	2.5	2.333	2.0	4.5	0.667	14561884
0.0	4.25	1.889	2.833	4.0	3.75	0.0	1.5	4.75	0.0	19035205
2.0	5.0	1.778	2.778	4.25	3.5	3.0	1.25	5.0	4.0	956423246
3.333	3.25	1.389	5.167	4.25	4.0	2.333	1.25	5.0	1.333	2419509762
2.667	4.0	5.0	5.056	3.75	1.75	3.0	3.5	4.25	3.333	151540402
0.0	4.75	5.056	6.0	2.75	1.5	0.0	2.5	5.0	0.0	164016224
3.667	4.0	4.611	4.611	2.25	2.75	3.0	4.25	4.0	2.333	788179645
4.0	2.0	6.167	4.0	2.5	1.75	3.5	5.0	3.25	3.0	1044970742721466368
3.333	4.0	1.167	2.778	4.0	4.0	2.0	1.25	5.0	0.667	278711747
2.333	4.5	1.278	2.111	5.0	3.0	1.167	1.75	5.0	0.0	15520460
1.667	3.25	1.778	5.667	4.25	1.75	0.833	2.0	3.5	0.0	34448943
0.0	2.0	1.722	4.833	3.75	1.5	0.333	1.0	4.25	0.667	1047652530342305793
3.667	3.5	2.444	3.5	4.0	2.5	4.0	2.5	4.0	4.333	1916942892
4.0	3.75	2.111	2.833	4.25	2.75	4.0	2.0	5.0	4.0	16625748
1.0	3.5	2.444	4.778	4.25	2.25	0.5	2.0	2.5	0.0	29591445
3.667	4.0	2.389	3.333	4.75	4.0	3.333	1.0	5.0	3.0	340328183
2.667	4.25	2.278	2.722	5.0	3.5	2.5	2.25	4.0	2.333	70848869
4.333	4.5	2.889	2.333	4.75	3.75	3.667	2.25	3.0	3.0	179356158
3.0	4.0	4.333	4.611	3.5	1.25	2.833	3.75	4.25	2.667	107611626
4.333	4.0	2.722	2.667	4.0	4.0	3.667	2.0	4.0	3.0	350569584
0.0	4.5	2.0	2.222	4.75	3.0	0.0	1.5	2.75	0.0	10347942
2.0	4.25	5.111	3.333	4.0	2.0	1.667	2.5	4.75	1.333	93634693
3.667	3.25	4.389	3.833	2.75	3.0	3.5	2.75	3.25	3.333	765197352378314752
4.0	4.5	2.944	3.333	4.75	4.25	3.833	1.25	4.75	3.667	1008869671142088704
1.667	3.5	2.222	2.833	5.0	3.75	1.333	1.0	4.25	1.0	2303299682
3.333	4.0	2.389	2.889	4.25	3.75	3.333	2.0	4.25	3.333	191193280
0.0	3.75	4.778	4.722	3.25	2.25	0.0	2.25	2.5	0.0	357642506
2.0	4.5	1.722	2.611	5.0	3.5	1.333	1.0	5.0	0.667	3301903748
2.0	1.75	1.833	6.444	4.0	1.0	2.833	1.25	4.0	3.667	838507334645116928
0.0	4.0	2.0	4.944	4.5	1.5	0.0	1.0	4.0	0.0	159174646
3.333	2.75	4.111	3.889	3.0	2.5	3.167	3.0	3.25	3.0	703719079
2.0	4.0	5.556	5.556	2.0	1.25	2.0	3.75	4.75	2.0	381128299
4.0	5.0	1.667	2.333	4.75	5.0	3.0	1.0	5.0	2.0	83312548
3.333	4.0	4.333	4.444	3.5	3.25	3.167	3.0	3.5	3.0	55448888
2.667	3.25	2.722	4.389	2.75	3.25	2.5	2.5	3.5	2.333	993244842
2.0	4.5	2.056	2.778	3.25	1.75	2.0	1.75	5.0	2.0	983790808984846337
0.0	5.0	1.333	1.389	5.0	4.5	0.0	1.0	5.0	0.0	317904095
0.667	4.5	4.611	2.389	2.75	1.0	1.0	3.75	2.0	1.333	22383791
1.333	3.5	5.056	5.222	5.0	1.0	1.333	4.25	2.0	1.333	14708247
1.333	4.25	3.556	4.333	4.25	2.5	1.333	3.75	3.0	1.333	1026195231316828162
2.333	4.5	3.556	3.778	4.5	1.5	2.333	1.75	4.0	2.333	33396342
2.0	3.75	4.5	3.778	3.75	2.5	2.167	3.75	3.75	2.333	2497400886
4.333	3.75	3.444	3.333	3.5	3.5	4.667	1.75	4.0	5.0	137074473
1.667	4.5	1.167	5.111	3.5	1.0	1.5	1.25	4.0	1.333	99423015
1.667	4.75	1.333	3.333	2.5	3.0	1.667	1.75	4.75	1.667	22985171
2.667	4.25	4.222	3.278	4.75	3.5	3.333	2.0	3.0	4.0	948361524
0.0	4.0	5.278	3.667	3.5	1.0	0.0	2.5	4.0	0.0	35957500
3.0	3.75	5.556	2.944	2.25	1.75	2.667	3.5	4.0	2.333	132258651
0.0	4.5	4.5	4.889	3.0	3.5	0.667	2.5	4.75	1.333	572762177
5.0	4.0	1.278	3.778	4.25	4.25	5.0	2.0	4.5	5.0	157186734
2.333	2.5	3.5	5.0	4.0	1.5	2.667	3.0	3.5	3.0	2491299806
2.0	3.5	4.0	3.833	2.0	1.5	2.333	4.75	4.0	2.667	875254172
2.667	5.0	4.889	3.333	2.75	1.0	1.667	2.0	5.0	0.667	890328973552504832
3.0	4.5	2.111	2.556	4.5	1.5	1.5	1.0	4.5	0.0	282229458
1.667	3.75	5.278	6.389	1.5	1.0	2.0	4.75	4.0	2.333	3390174267
0.0	3.5	4.0	5.0	4.0	2.0	0.0	3.5	4.5	0.0	63086171
1.667	2.75	5.944	5.889	4.0	2.25	2.333	5.0	4.25	3.0	2730795312
0.667	4.5	4.056	3.056	2.75	1.75	0.333	4.0	4.25	0.0	992904736197234688
1.667	4.5	2.556	2.778	4.75	4.0	1.167	1.75	4.5	0.667	1098424970940698624
0.0	4.0	4.111	3.667	4.0	3.0	0.0	2.0	5.0	0.0	265697153
1.667	4.75	5.833	3.778	2.75	1.5	0.833	4.25	4.75	0.0	1728839654
0.0	5.0	6.222	4.444	3.25	2.25	0.0	3.75	4.5	0.0	16586873
3.0	4.75	3.667	2.667	4.5	2.5	2.667	3.25	4.0	2.333	2781705552
3.333	5.0	6.222	2.556	2.5	1.25	3.167	3.0	4.75	3.0	156019092
3.667	3.5	4.5	3.278	4.0	2.25	3.0	2.75	4.0	2.333	23182367
0.667	4.75	3.889	4.667	2.75	2.5	0.667	3.25	5.0	0.667	99985043
3.667	4.5	4.889	3.889	3.25	2.5	3.0	3.5	5.0	2.333	2593729977
0.0	3.25	2.833	4.667	3.0	3.0	0.0	2.75	3.5	0.0	29651441
0.0	3.0	2.0	6.278	3.75	1.25	0.0	1.25	1.0	0.0	70430703
0.0	3.25	2.722	6.222	4.0	1.0	0.0	3.0	5.0	0.0	56093101
2.667	2.5	1.333	6.389	2.5	1.0	1.333	2.25	4.0	0.0	338748421
0.0	4.5	3.556	5.611	3.0	1.0	1.333	3.5	5.0	2.667	730755798
2.0	3.5	5.278	5.5	3.25	2.5	2.0	3.75	4.0	2.0	220709617
2.333	3.0	2.278	3.611	3.5	3.0	2.5	2.0	3.5	2.667	89144160
3.0	3.25	6.444	2.833	4.75	2.0	3.5	4.5	5.0	4.0	230190259
1.333	1.5	3.278	6.889	5.0	1.25	1.833	1.25	3.75	2.333	374077438
4.333	2.5	3.722	4.944	2.0	2.75	4.5	3.5	4.25	4.667	2923426928
4.333	5.0	1.889	2.5	3.25	3.75	3.333	2.0	4.0	2.333	1598587986
3.667	4.75	2.5	3.278	3.75	3.75	3.0	2.25	4.75	2.333	338833424
5.333	4.75	3.167	1.778	3.0	4.5	4.333	3.0	4.75	3.333	844911595834695680
3.333	4.75	3.944	5.389	2.0	3.0	1.667	3.25	5.0	0.0	20891831
6.0	4.5	1.5	4.333	4.75	4.5	4.833	2.75	5.0	3.667	288209982
0.0	2.25	5.0	5.5	2.75	1.25	0.667	4.0	3.0	1.333	52909195
0.0	2.75	1.444	2.333	5.0	1.75	0.0	1.0	2.75	0.0	242851454
3.0	4.75	1.833	2.167	4.5	3.75	2.5	2.25	4.75	2.0	23148485
4.333	3.0	3.889	4.111	2.75	3.75	3.833	3.25	3.0	3.333	858137490062016512
2.333	4.25	1.778	1.944	4.5	3.75	2.5	2.25	3.25	2.667	2608846111
0.667	4.25	1.389	3.444	4.75	4.75	1.0	1.25	5.0	1.333	2416045034
1.333	4.0	2.889	2.444	4.0	2.25	1.0	2.25	4.0	0.667	1324787258
1.333	5.0	2.611	2.278	4.25	3.25	1.167	1.5	3.75	1.0	3222179941
3.667	4.0	2.889	3.056	4.25	4.25	3.0	1.75	4.0	2.333	162526660
2.333	3.75	3.111	3.722	2.25	4.5	3.167	1.75	4.25	4.0	284684367
3.333	3.0	3.0	3.611	2.75	3.75	3.833	2.5	4.5	4.333	1024827330
3.667	3.0	3.611	4.444	3.25	3.0	3.833	2.75	3.0	4.0	14603910
3.667	2.0	4.833	3.556	3.0	2.25	3.667	4.5	3.5	3.667	55509546
0.0	2.0	3.5	3.333	2.25	2.25	0.0	2.75	2.0	0.0	635925502
0.667	3.25	2.889	3.5	4.0	3.5	0.667	2.0	4.25	0.667	156554546
3.0	4.75	3.944	4.278	4.25	2.0	2.0	2.75	5.0	1.0	2426813204
0.0	3.75	3.722	4.222	3.75	2.5	1.167	3.75	3.0	2.333	215447215
2.333	4.25	2.111	2.222	3.75	3.25	1.833	1.5	4.25	1.333	3160125445
1.667	3.25	3.5	4.611	2.5	3.0	2.667	2.0	4.5	3.667	320390999
0.0	4.75	1.0	1.722	4.75	4.5	0.5	1.0	4.75	1.0	386102578
3.0	3.75	4.389	3.0	3.75	2.0	2.667	2.5	4.0	2.333	961057304383803392
1.667	3.5	2.056	2.333	4.0	3.25	1.5	1.75	4.0	1.333	900197414
3.0	4.25	3.889	2.778	3.75	2.25	2.5	2.5	4.0	2.0	60755543
4.0	4.5	3.778	3.278	3.0	4.0	3.833	4.0	4.75	3.667	4760874563
3.0	4.0	5.667	4.056	2.75	1.0	2.5	4.25	2.75	2.0	302910910
1.333	4.0	3.389	4.278	3.0	1.5	1.167	3.0	5.0	1.0	797468864
3.0	4.25	3.0	3.056	3.75	4.0	2.667	2.25	3.75	2.333	1606587446
3.667	4.75	5.722	5.444	1.25	2.0	3.667	4.75	4.5	3.667	589069043
1.0	4.25	2.111	3.0	5.0	2.25	1.167	2.0	4.25	1.333	4750440557
0.667	4.5	3.944	5.222	1.75	2.0	2.167	4.0	3.75	3.667	85188797
2.0	4.0	2.278	2.222	4.0	4.0	1.333	1.25	4.25	0.667	538550333
2.667	5.0	4.444	4.444	4.75	2.75	1.667	1.5	4.0	0.667	3309335210
3.333	5.0	1.611	1.611	4.75	3.5	2.5	1.25	4.75	1.667	81394315
5.0	3.5	3.111	3.5	3.5	3.25	4.5	4.0	3.75	4.0	4329657376
4.0	3.75	1.611	3.778	4.0	3.25	3.667	1.0	5.0	3.333	15395155
5.0	5.0	1.0	1.0	3.75	5.0	3.333	2.0	5.0	1.667	3160440357
1.333	3.75	2.611	3.222	4.75	4.0	0.667	2.25	4.25	0.0	796441925733781504
0.0	4.25	2.222	3.611	3.5	3.75	0.0	2.0	4.25	0.0	4008335784
3.667	2.0	1.944	4.778	3.75	3.25	3.167	2.0	4.5	2.667	2420522270
3.667	3.25	3.778	4.056	3.25	3.0	4.167	3.25	2.75	4.667	372356363
4.333	3.25	4.833	4.167	3.5	3.5	4.5	2.75	3.75	4.667	29320650
2.667	4.5	5.222	4.056	3.5	1.0	3.167	5.0	3.25	3.667	706746992
2.667	4.25	2.833	2.944	3.75	1.75	3.0	1.75	3.5	3.333	172410969
3.667	4.25	2.556	2.333	2.25	3.0	3.167	1.75	3.75	2.667	390351304
1.667	2.25	2.444	4.167	2.5	3.75	1.833	1.5	2.5	2.0	1066296800703725568
5.0	5.0	2.167	1.889	3.25	5.0	3.833	3.25	4.75	2.667	90482980
1.667	2.75	2.278	4.0	4.0	2.5	0.833	1.5	4.0	0.0	244627436
0.0	4.0	1.833	2.611	4.0	1.75	0.0	2.0	3.75	0.0	14389036
0.667	4.25	2.167	4.778	3.0	2.5	0.667	3.0	4.0	0.667	953796730721509376
3.0	5.0	1.889	1.889	4.25	4.75	3.167	2.25	4.75	3.333	213481141
2.667	3.75	6.111	4.167	2.5	1.75	2.5	5.0	3.5	2.333	2393439840
4.0	2.75	2.556	3.444	4.5	3.75	3.5	3.0	4.0	3.0	105002321
3.333	3.5	2.0	4.778	4.0	1.75	2.667	3.0	4.5	2.0	1672063806
2.0	4.5	2.222	3.611	3.25	1.0	1.0	3.75	3.0	0.0	114242755
3.667	5.0	4.5	1.944	2.25	3.0	2.667	4.25	5.0	1.667	146554837
5.667	4.0	1.722	4.278	4.5	3.0	3.833	2.0	4.75	2.0	1105494120
1.333	4.25	4.056	2.333	4.5	3.0	0.667	3.0	3.25	0.0	157096063
0.667	3.5	3.556	5.611	3.75	1.25	0.667	2.5	4.0	0.667	702614488361467904
3.0	4.25	2.0	2.167	4.0	3.0	2.333	1.25	4.25	1.667	87583562
5.333	5.0	6.167	3.111	4.75	2.0	5.333	1.0	4.5	5.333	63919192
3.0	3.0	3.278	4.722	4.0	2.25	3.0	2.25	3.75	3.0	98577497
4.333	4.5	1.0	4.611	5.0	5.0	3.0	1.0	5.0	1.667	99033081
0.0	5.0	3.5	2.278	3.0	1.75	0.0	3.5	2.75	0.0	50374569
4.667	5.0	1.667	3.111	4.5	4.25	3.167	1.0	5.0	1.667	583284556
2.0	5.0	2.333	2.722	3.75	1.0	2.0	2.5	4.75	2.0	1279120110
